72929: 10,28,41,49,52,6 Encontrado: 5 
166159: 10,27,28,33,41,6 Encontrado: 5 
443156: 10,18,28,41,52,6 Encontrado: 5 
514649: 10,27,41,50,52,6 Encontrado: 5 
617985: 10,25,27,41,52,6 Encontrado: 5 
721292: 10,27,28,41,6,9 Encontrado: 5 
1065274: 10,26,27,28,41,6 Encontrado: 5 
1273243: 10,27,28,41,6,9 Encontrado: 5 
1305687: 10,27,28,41,52,8 Encontrado: 5 
1363862: 27,28,34,41,52,6 Encontrado: 5 
1617095: 10,28,41,42,52,6 Encontrado: 5 
1938138: 10,27,39,41,52,6 Encontrado: 5 
1972625: 10,27,28,41,46,52 Encontrado: 5 
2083517: 10,15,27,28,41,6 Encontrado: 5 
2336764: 10,11,28,41,52,6 Encontrado: 5 
2371170: 10,28,41,43,52,6 Encontrado: 5 
2495297: 10,23,27,28,41,52 Encontrado: 5 
2499148: 27,28,41,52,53,6 Encontrado: 5 
3248306: 10,27,28,41,52,8 Encontrado: 5 
3298103: 10,22,27,28,41,52 Encontrado: 5 
3360112: 10,28,41,44,52,6 Encontrado: 5 
3480454: 11,27,28,41,52,6 Encontrado: 5 
3528378: 10,25,27,28,41,52 Encontrado: 5 
3581850: 10,21,27,28,41,6 Encontrado: 5 
3636829: 10,21,27,41,52,6 Encontrado: 5 
4262168: 10,19,28,41,52,6 Encontrado: 5 
4416897: 10,27,28,41,48,52 Encontrado: 5 
4437534: 10,12,27,28,41,52 Encontrado: 5 
4448726: 10,19,27,28,41,52 Encontrado: 5 
4476477: 10,27,28,36,41,6 Encontrado: 5 
4584101: 10,27,41,52,54,6 Encontrado: 5 
5001040: 10,27,28,41,44,6 Encontrado: 5 
5079250: 10,27,41,52,6,7 Encontrado: 5 
5181567: 10,27,28,41,52,56 Encontrado: 5 
5264056: 10,15,27,28,41,6 Encontrado: 5 
5747222: 10,27,41,42,52,6 Encontrado: 5 
5748012: 10,28,41,51,52,6 Encontrado: 5 
5812726: 10,27,28,41,54,6 Encontrado: 5 
5845701: 2,27,28,41,52,6 Encontrado: 5 
5940110: 10,27,28,36,41,52 Encontrado: 5 
6071909: 27,28,41,42,52,6 Encontrado: 5 
6162296: 10,28,41,52,58,6 Encontrado: 5 
6227867: 10,26,27,28,41,6 Encontrado: 5 
6289579: 10,27,28,35,41,6 Encontrado: 5 
6552361: 27,28,41,52,59,6 Encontrado: 5 
6695805: 10,27,28,40,52,6 Encontrado: 5 
6796928: 10,27,28,34,41,6 Encontrado: 5 
6829149: 10,27,28,52,6,8 Encontrado: 5 
7133098: 10,24,27,28,41,6 Encontrado: 5 
7447408: 10,18,27,28,52,6 Encontrado: 5 
7610189: 10,27,28,5,52,6 Encontrado: 5 
7953509: 10,27,41,49,52,6 Encontrado: 5 
7995692: 10,22,27,28,41,6 Encontrado: 5 
8038284: 10,27,28,41,52,58 Encontrado: 5 
8487519: 10,27,35,41,52,6 Encontrado: 5 
8545705: 10,14,27,28,41,52 Encontrado: 5 
8787180: 10,27,41,45,52,6 Encontrado: 5 
8889869: 13,27,28,41,52,6 Encontrado: 5 
8973938: 10,27,28,41,42,52 Encontrado: 5 
9008301: 10,27,28,38,52,6 Encontrado: 5 
9076774: 10,27,28,41,44,6 Encontrado: 5 
9166611: 10,19,27,28,41,6 Encontrado: 5 
9299185: 10,27,41,50,52,6 Encontrado: 5 
9300839: 10,27,28,31,52,6 Encontrado: 5 
9455777: 10,27,41,48,52,6 Encontrado: 5 
9549893: 10,28,41,51,52,6 Encontrado: 5 
9946972: 10,27,28,41,43,6 Encontrado: 5 
